 11 TEFF'S       12 LOG G'S       6 FE.H'S        4 INDICES  (1 Sept 2005)
 3000. 3250. 3500. 3750. 4000. 4250. 4500. 4750. 5000. 5250. 5500.
-0.5 0.0 0.5 1.0 1.5 2.0 2.5 3.0 3.5 4.0 4.5 5.0
 [Fe/H] = -3.00: Color Index = B-V
 1.655 1.713 1.748 1.718 1.735 1.471 1.225 1.006 0.820 0.675 0.579
 1.630 1.681 1.686 1.629 1.615 1.373 1.150 0.950 0.780 0.645 0.550
 1.605 1.645 1.629 1.552 1.505 1.293 1.090 0.905 0.745 0.618 0.532
 1.585 1.615 1.585 1.489 1.397 1.216 1.035 0.865 0.715 0.596 0.518
 1.566 1.589 1.545 1.431 1.315 1.157 0.991 0.831 0.689 0.578 0.510
 1.552 1.572 1.509 1.392 1.258 1.112 0.959 0.810 0.677 0.572 0.506
 1.560 1.570 1.487 1.364 1.214 1.082 0.940 0.801 0.675 0.574 0.510
 1.587 1.586 1.475 1.352 1.194 1.070 0.935 0.801 0.679 0.580 0.516
 1.657 1.613 1.476 1.360 1.203 1.074 0.940 0.809 0.691 0.593 0.525
 1.773 1.641 1.487 1.376 1.238 1.096 0.955 0.822 0.704 0.607 0.538
 1.828 1.663 1.503 1.400 1.290 1.129 0.978 0.841 0.722 0.624 0.552
 1.858 1.683 1.521 1.433 1.349 1.175 1.013 0.867 0.742 0.641 0.570
 [Fe/H] = -2.00: Color Index = B-V
 1.635 1.693 1.728 1.698 1.715 1.599 1.395 1.150 0.910 0.720 0.627
 1.610 1.661 1.666 1.609 1.595 1.448 1.253 1.041 0.840 0.681 0.594
 1.585 1.625 1.609 1.532 1.485 1.325 1.144 0.961 0.792 0.655 0.567
 1.565 1.595 1.565 1.469 1.377 1.229 1.067 0.905 0.756 0.633 0.548
 1.546 1.569 1.525 1.411 1.295 1.157 1.008 0.860 0.725 0.613 0.536
 1.532 1.552 1.489 1.372 1.238 1.094 0.957 0.830 0.715 0.615 0.533
 1.540 1.550 1.467 1.344 1.194 1.052 0.925 0.811 0.708 0.616 0.533
 1.567 1.566 1.455 1.332 1.174 1.034 0.913 0.806 0.711 0.623 0.540
 1.637 1.593 1.456 1.340 1.183 1.042 0.923 0.820 0.728 0.641 0.552
 1.753 1.621 1.467 1.356 1.218 1.067 0.944 0.841 0.749 0.661 0.569
 1.808 1.643 1.483 1.380 1.270 1.103 0.972 0.865 0.773 0.685 0.590
 1.838 1.663 1.501 1.413 1.329 1.150 1.009 0.895 0.798 0.707 0.613
 [Fe/H] = -1.00: Color Index = B-V
 1.615 1.673 1.708 1.678 1.700 1.578 1.390 1.170 0.955 0.780 0.680
 1.590 1.641 1.646 1.589 1.580 1.443 1.272 1.086 0.907 0.755 0.650
 1.565 1.605 1.589 1.512 1.470 1.332 1.178 1.020 0.868 0.734 0.630
 1.545 1.575 1.545 1.449 1.362 1.240 1.105 0.966 0.832 0.712 0.616
 1.526 1.549 1.505 1.391 1.280 1.169 1.048 0.924 0.804 0.695 0.603
 1.512 1.532 1.469 1.352 1.223 1.117 1.004 0.890 0.781 0.681 0.595
 1.520 1.530 1.447 1.324 1.179 1.072 0.968 0.867 0.770 0.679 0.595
 1.547 1.546 1.435 1.312 1.159 1.051 0.950 0.855 0.765 0.680 0.600
 1.617 1.573 1.436 1.320 1.168 1.053 0.949 0.855 0.768 0.686 0.608
 1.733 1.601 1.447 1.336 1.203 1.076 0.964 0.865 0.776 0.695 0.620
 1.788 1.623 1.463 1.360 1.255 1.111 0.988 0.883 0.791 0.710 0.635
 1.818 1.643 1.481 1.393 1.314 1.157 1.022 0.906 0.807 0.723 0.651
 [Fe/H] = -0.50: Color Index = B-V
 1.635 1.708 1.758 1.758 1.712 1.549 1.360 1.164 0.982 0.832 0.735
 1.610 1.676 1.696 1.669 1.613 1.463 1.292 1.115 0.949 0.808 0.709
 1.585 1.640 1.639 1.592 1.519 1.382 1.228 1.069 0.918 0.787 0.688
 1.565 1.610 1.595 1.529 1.438 1.314 1.175 1.032 0.894 0.771 0.672
 1.546 1.584 1.555 1.471 1.373 1.255 1.127 0.996 0.869 0.754 0.658
 1.532 1.567 1.519 1.432 1.320 1.206 1.087 0.967 0.851 0.743 0.648
 1.540 1.565 1.497 1.404 1.292 1.175 1.058 0.944 0.835 0.733 0.641
 1.567 1.581 1.485 1.392 1.285 1.161 1.043 0.932 0.828 0.731 0.640
 1.637 1.608 1.486 1.400 1.296 1.162 1.040 0.929 0.827 0.732 0.643
 1.753 1.636 1.497 1.416 1.319 1.174 1.046 0.932 0.830 0.737 0.651
 1.808 1.658 1.513 1.440 1.352 1.196 1.060 0.941 0.836 0.743 0.659
 1.838 1.678 1.531 1.473 1.398 1.228 1.082 0.956 0.847 0.753 0.670
 [Fe/H] =  0.00: Color Index = B-V
 1.670 1.737 1.779 1.816 1.742 1.663 1.515 1.328 1.130 0.950 0.815
 1.645 1.705 1.737 1.764 1.688 1.588 1.443 1.272 1.096 0.935 0.809
 1.620 1.669 1.696 1.710 1.635 1.523 1.380 1.220 1.059 0.912 0.794
 1.600 1.639 1.655 1.655 1.579 1.466 1.329 1.179 1.030 0.893 0.780
 1.581 1.613 1.618 1.605 1.525 1.408 1.277 1.140 1.004 0.877 0.767
 1.567 1.596 1.585 1.562 1.473 1.352 1.228 1.103 0.981 0.865 0.757
 1.575 1.594 1.559 1.527 1.430 1.304 1.185 1.072 0.963 0.856 0.748
 1.602 1.610 1.542 1.492 1.402 1.274 1.158 1.051 0.948 0.846 0.742
 1.672 1.637 1.530 1.474 1.390 1.255 1.138 1.033 0.935 0.838 0.737
 1.788 1.665 1.530 1.469 1.390 1.260 1.140 1.028 0.924 0.826 0.734
 1.843 1.687 1.538 1.477 1.400 1.269 1.145 1.028 0.919 0.819 0.730
 1.873 1.707 1.556 1.495 1.413 1.283 1.154 1.030 0.916 0.815 0.730
 [Fe/H] =  0.30: Color Index = B-V
 1.715 1.777 1.815 1.848 1.800 1.693 1.550 1.385 1.213 1.047 0.900
 1.690 1.745 1.773 1.796 1.733 1.631 1.496 1.341 1.179 1.022 0.882
 1.665 1.709 1.732 1.742 1.670 1.568 1.440 1.297 1.147 1.001 0.868
 1.645 1.679 1.691 1.687 1.618 1.511 1.388 1.254 1.117 0.982 0.856
 1.626 1.653 1.654 1.637 1.570 1.463 1.345 1.220 1.091 0.964 0.842
 1.612 1.636 1.621 1.594 1.528 1.418 1.304 1.186 1.067 0.947 0.829
 1.620 1.634 1.595 1.559 1.494 1.383 1.270 1.157 1.043 0.930 0.819
 1.647 1.650 1.578 1.524 1.470 1.349 1.235 1.125 1.019 0.914 0.809
 1.717 1.677 1.566 1.506 1.452 1.324 1.208 1.101 0.999 0.900 0.802
 1.833 1.705 1.566 1.501 1.444 1.307 1.187 1.080 0.981 0.887 0.795
 1.888 1.727 1.570 1.503 1.440 1.301 1.178 1.068 0.968 0.876 0.789
 1.918 1.747 1.577 1.513 1.438 1.299 1.175 1.064 0.963 0.871 0.787
 [Fe/H] = -3.00: Color Index = V-R
 1.985 1.659 1.360 1.173 1.035 0.877 0.727 0.593 0.481 0.398 0.352
 1.883 1.566 1.233 1.084 0.965 0.809 0.674 0.560 0.468 0.397 0.348
 1.786 1.473 1.129 1.002 0.900 0.752 0.632 0.535 0.458 0.397 0.347
 1.681 1.377 1.051 0.936 0.838 0.708 0.602 0.517 0.449 0.393 0.346
 1.551 1.276 0.980 0.893 0.787 0.674 0.581 0.505 0.442 0.390 0.345
 1.427 1.188 0.937 0.853 0.754 0.652 0.567 0.497 0.438 0.389 0.346
 1.305 1.124 0.909 0.832 0.737 0.643 0.562 0.494 0.437 0.390 0.350
 1.232 1.081 0.890 0.816 0.728 0.639 0.561 0.494 0.438 0.391 0.354
 1.199 1.058 0.886 0.810 0.732 0.646 0.568 0.500 0.442 0.395 0.359
 1.205 1.060 0.890 0.820 0.743 0.659 0.580 0.508 0.447 0.398 0.364
 1.229 1.081 0.903 0.830 0.761 0.677 0.595 0.520 0.455 0.403 0.369
 1.258 1.103 0.922 0.845 0.785 0.698 0.612 0.533 0.464 0.410 0.375
 [Fe/H] = -2.00: Color Index = V-R
 2.005 1.679 1.326 1.096 0.953 0.842 0.718 0.595 0.485 0.401 0.355
 1.903 1.586 1.213 1.013 0.882 0.775 0.666 0.563 0.472 0.400 0.352
 1.806 1.493 1.119 0.948 0.816 0.720 0.626 0.538 0.460 0.396 0.350
 1.701 1.397 1.044 0.884 0.766 0.676 0.593 0.519 0.453 0.397 0.350
 1.571 1.296 0.989 0.841 0.728 0.643 0.569 0.504 0.446 0.395 0.350
 1.447 1.208 0.950 0.817 0.708 0.623 0.553 0.493 0.442 0.396 0.351
 1.325 1.144 0.920 0.807 0.702 0.618 0.548 0.490 0.440 0.395 0.353
 1.252 1.101 0.910 0.813 0.706 0.619 0.548 0.489 0.440 0.397 0.357
 1.219 1.078 0.906 0.820 0.717 0.630 0.557 0.496 0.444 0.400 0.360
 1.225 1.080 0.910 0.830 0.733 0.648 0.573 0.507 0.451 0.404 0.365
 1.249 1.101 0.923 0.840 0.756 0.667 0.588 0.519 0.460 0.411 0.373
 1.278 1.123 0.942 0.855 0.781 0.689 0.606 0.533 0.471 0.420 0.380
 [Fe/H] = -1.00: Color Index = V-R
 2.055 1.729 1.243 1.016 0.860 0.770 0.677 0.585 0.499 0.423 0.362
 1.953 1.636 1.164 0.965 0.815 0.721 0.635 0.557 0.486 0.421 0.360
 1.856 1.543 1.090 0.929 0.782 0.685 0.604 0.535 0.473 0.416 0.359
 1.751 1.447 1.040 0.900 0.760 0.661 0.582 0.517 0.462 0.411 0.358
 1.621 1.346 1.005 0.881 0.752 0.648 0.568 0.505 0.453 0.406 0.358
 1.497 1.258 0.982 0.865 0.753 0.643 0.560 0.497 0.448 0.405 0.360
 1.375 1.194 0.967 0.857 0.756 0.643 0.559 0.496 0.447 0.404 0.361
 1.302 1.151 0.966 0.869 0.764 0.650 0.564 0.499 0.448 0.406 0.365
 1.269 1.128 0.968 0.882 0.779 0.664 0.575 0.507 0.454 0.410 0.369
 1.275 1.130 0.978 0.898 0.799 0.682 0.591 0.520 0.463 0.416 0.374
 1.299 1.151 0.997 0.914 0.821 0.706 0.612 0.536 0.475 0.424 0.380
 1.328 1.173 1.022 0.935 0.846 0.732 0.635 0.554 0.487 0.432 0.388
 [Fe/H] = -0.50: Color Index = V-R
 2.171 1.748 1.293 1.015 0.827 0.748 0.663 0.577 0.495 0.420 0.357
 2.039 1.652 1.214 0.987 0.814 0.713 0.626 0.550 0.482 0.419 0.359
 1.911 1.554 1.140 0.960 0.803 0.691 0.603 0.533 0.474 0.419 0.361
 1.790 1.467 1.090 0.940 0.798 0.675 0.585 0.519 0.467 0.418 0.363
 1.685 1.377 1.055 0.925 0.794 0.667 0.576 0.511 0.461 0.416 0.365
 1.577 1.300 1.032 0.915 0.798 0.668 0.575 0.508 0.458 0.414 0.367
 1.493 1.247 1.017 0.907 0.803 0.673 0.578 0.508 0.456 0.413 0.370
 1.435 1.206 1.016 0.916 0.812 0.682 0.585 0.514 0.460 0.416 0.373
 1.402 1.183 1.018 0.931 0.832 0.700 0.600 0.525 0.468 0.421 0.377
 1.390 1.185 1.028 0.949 0.854 0.721 0.620 0.543 0.482 0.431 0.383
 1.393 1.206 1.047 0.966 0.879 0.747 0.643 0.561 0.496 0.441 0.390
 1.398 1.228 1.072 0.990 0.907 0.778 0.671 0.583 0.511 0.450 0.397
 [Fe/H] =  0.00: Color Index = V-R
 2.376 1.869 1.333 1.049 0.857 0.744 0.653 0.577 0.511 0.448 0.382
 2.207 1.750 1.254 1.020 0.844 0.726 0.633 0.558 0.495 0.438 0.380
 2.043 1.635 1.180 0.995 0.833 0.711 0.618 0.546 0.487 0.434 0.379
 1.899 1.528 1.130 0.970 0.828 0.702 0.608 0.537 0.481 0.431 0.379
 1.779 1.435 1.095 0.960 0.824 0.697 0.602 0.531 0.476 0.428 0.379
 1.667 1.358 1.072 0.946 0.825 0.698 0.602 0.530 0.474 0.427 0.380
 1.574 1.294 1.057 0.942 0.829 0.703 0.606 0.531 0.473 0.426 0.383
 1.498 1.251 1.050 0.947 0.838 0.714 0.614 0.536 0.474 0.426 0.386
 1.459 1.228 1.046 0.952 0.852 0.727 0.625 0.543 0.479 0.429 0.390
 1.446 1.230 1.050 0.960 0.868 0.745 0.643 0.559 0.492 0.439 0.397
 1.447 1.251 1.063 0.970 0.887 0.768 0.665 0.578 0.507 0.450 0.406
 1.448 1.273 1.087 0.980 0.907 0.790 0.687 0.599 0.525 0.465 0.418
 [Fe/H] =  0.30: Color Index = V-R
 2.541 2.005 1.383 1.115 0.897 0.779 0.684 0.605 0.533 0.461 0.382
 2.348 1.847 1.304 1.076 0.884 0.762 0.667 0.590 0.524 0.460 0.390
 2.175 1.711 1.230 1.045 0.873 0.751 0.655 0.579 0.515 0.456 0.395
 2.023 1.591 1.180 1.020 0.868 0.745 0.648 0.571 0.508 0.452 0.397
 1.881 1.500 1.145 1.001 0.864 0.743 0.645 0.566 0.502 0.447 0.397
 1.762 1.408 1.122 0.985 0.865 0.743 0.644 0.563 0.498 0.444 0.398
 1.650 1.344 1.107 0.981 0.869 0.749 0.648 0.564 0.496 0.442 0.400
 1.572 1.301 1.100 0.983 0.878 0.760 0.657 0.569 0.497 0.441 0.402
 1.523 1.278 1.096 0.990 0.892 0.775 0.670 0.579 0.503 0.444 0.404
 1.500 1.280 1.100 1.000 0.908 0.790 0.684 0.592 0.515 0.454 0.409
 1.504 1.301 1.113 1.010 0.927 0.809 0.703 0.610 0.531 0.467 0.418
 1.508 1.323 1.137 1.020 0.947 0.833 0.729 0.636 0.554 0.485 0.430
 [Fe/H] = -3.00: Color Index = V-I
 4.409 3.762 2.993 2.428 1.955 1.701 1.430 1.170 0.949 0.796 0.738
 4.114 3.488 2.739 2.246 1.834 1.563 1.321 1.112 0.942 0.815 0.736
 3.865 3.240 2.539 2.095 1.724 1.468 1.254 1.077 0.934 0.821 0.735
 3.655 3.050 2.393 1.956 1.625 1.393 1.204 1.050 0.925 0.822 0.734
 3.480 2.880 2.275 1.851 1.546 1.341 1.172 1.033 0.917 0.819 0.734
 3.328 2.750 2.183 1.782 1.492 1.305 1.149 1.020 0.912 0.820 0.737
 3.167 2.650 2.127 1.726 1.459 1.287 1.140 1.014 0.908 0.818 0.742
 3.027 2.570 2.089 1.718 1.453 1.284 1.139 1.015 0.910 0.822 0.749
 2.960 2.520 2.095 1.722 1.455 1.287 1.143 1.020 0.916 0.830 0.759
 2.915 2.490 2.100 1.752 1.466 1.299 1.154 1.030 0.925 0.838 0.768
 2.913 2.480 2.120 1.779 1.487 1.318 1.170 1.043 0.936 0.849 0.781
 2.919 2.510 2.140 1.810 1.510 1.337 1.186 1.056 0.947 0.859 0.792
 [Fe/H] = -2.00: Color Index = V-I
 4.449 3.802 3.033 2.318 1.746 1.622 1.415 1.174 0.949 0.787 0.738
 4.154 3.528 2.779 2.128 1.649 1.486 1.300 1.112 0.942 0.810 0.736
 3.905 3.280 2.579 2.000 1.571 1.400 1.232 1.074 0.934 0.819 0.735
 3.695 3.090 2.433 1.895 1.502 1.337 1.185 1.047 0.925 0.820 0.734
 3.520 2.920 2.315 1.821 1.440 1.283 1.145 1.024 0.917 0.822 0.735
 3.368 2.790 2.223 1.764 1.410 1.258 1.127 1.013 0.912 0.821 0.735
 3.207 2.690 2.167 1.743 1.397 1.240 1.110 1.001 0.908 0.824 0.742
 3.067 2.610 2.129 1.741 1.400 1.241 1.110 1.002 0.910 0.828 0.749
 3.000 2.560 2.135 1.762 1.414 1.249 1.116 1.007 0.916 0.835 0.758
 2.955 2.530 2.140 1.792 1.438 1.270 1.132 1.019 0.925 0.843 0.768
 2.953 2.520 2.160 1.819 1.469 1.294 1.150 1.032 0.935 0.852 0.778
 2.959 2.550 2.180 1.850 1.507 1.321 1.170 1.047 0.946 0.862 0.789
 [Fe/H] = -1.00: Color Index = V-I
 4.549 3.902 2.736 2.067 1.580 1.447 1.285 1.114 0.953 0.823 0.742
 4.254 3.628 2.627 2.001 1.560 1.386 1.224 1.077 0.946 0.833 0.739
 4.005 3.380 2.529 1.949 1.529 1.339 1.182 1.050 0.937 0.835 0.738
 3.795 3.190 2.444 1.897 1.510 1.308 1.152 1.029 0.927 0.834 0.738
 3.620 3.020 2.364 1.854 1.490 1.288 1.134 1.016 0.919 0.831 0.738
 3.468 2.890 2.292 1.828 1.489 1.279 1.123 1.006 0.914 0.831 0.741
 3.307 2.790 2.251 1.829 1.495 1.283 1.124 1.005 0.911 0.829 0.745
 3.167 2.710 2.229 1.836 1.513 1.295 1.131 1.009 0.914 0.833 0.752
 3.100 2.660 2.235 1.862 1.537 1.319 1.151 1.022 0.922 0.839 0.762
 3.055 2.630 2.240 1.892 1.565 1.349 1.177 1.041 0.933 0.846 0.771
 3.053 2.620 2.260 1.919 1.598 1.382 1.204 1.061 0.946 0.855 0.784
 3.059 2.650 2.280 1.950 1.634 1.413 1.230 1.081 0.961 0.867 0.796
 [Fe/H] = -0.50: Color Index = V-I
 4.525 3.767 2.695 1.994 1.581 1.415 1.250 1.094 0.955 0.841 0.760
 4.314 3.595 2.611 1.961 1.565 1.380 1.215 1.069 0.943 0.837 0.752
 4.117 3.440 2.538 1.937 1.554 1.352 1.185 1.046 0.931 0.833 0.748
 3.935 3.292 2.470 1.922 1.545 1.332 1.164 1.031 0.924 0.832 0.746
 3.760 3.160 2.417 1.906 1.543 1.326 1.155 1.021 0.915 0.826 0.744
 3.608 3.030 2.375 1.899 1.550 1.324 1.150 1.016 0.912 0.826 0.746
 3.447 2.930 2.346 1.912 1.565 1.332 1.154 1.018 0.914 0.829 0.752
 3.307 2.850 2.329 1.932 1.592 1.353 1.169 1.028 0.920 0.834 0.758
 3.240 2.800 2.335 1.964 1.629 1.382 1.191 1.045 0.933 0.844 0.766
 3.195 2.770 2.340 2.000 1.668 1.415 1.217 1.064 0.946 0.853 0.776
 3.193 2.760 2.360 2.033 1.712 1.452 1.248 1.089 0.966 0.868 0.786
 3.199 2.790 2.380 2.070 1.758 1.493 1.283 1.118 0.989 0.885 0.795
 [Fe/H] =  0.00: Color Index = V-I
 4.600 3.869 2.744 2.085 1.689 1.443 1.244 1.084 0.953 0.844 0.748
 4.407 3.692 2.665 2.056 1.644 1.393 1.201 1.054 0.939 0.841 0.745
 4.221 3.544 2.605 2.038 1.635 1.368 1.174 1.034 0.929 0.839 0.744
 4.045 3.400 2.540 2.026 1.625 1.354 1.160 1.022 0.920 0.834 0.744
 3.880 3.260 2.490 2.008 1.620 1.349 1.154 1.015 0.914 0.831 0.748
 3.728 3.130 2.455 2.000 1.623 1.354 1.158 1.017 0.914 0.832 0.753
 3.567 3.030 2.426 2.000 1.633 1.361 1.163 1.021 0.918 0.836 0.759
 3.433 2.950 2.409 2.003 1.642 1.378 1.180 1.034 0.925 0.840 0.765
 3.360 2.900 2.415 2.012 1.660 1.397 1.198 1.049 0.937 0.849 0.773
 3.315 2.870 2.420 2.042 1.693 1.427 1.224 1.070 0.954 0.862 0.782
 3.313 2.860 2.440 2.069 1.733 1.457 1.250 1.095 0.978 0.882 0.792
 3.319 2.890 2.460 2.100 1.770 1.489 1.278 1.120 0.999 0.900 0.806
 [Fe/H] =  0.30: Color Index = V-I
 4.709 4.000 2.824 2.173 1.760 1.505 1.304 1.142 1.004 0.875 0.740
 4.517 3.821 2.745 2.138 1.737 1.480 1.281 1.124 0.993 0.874 0.750
 4.321 3.641 2.685 2.119 1.721 1.461 1.262 1.108 0.984 0.873 0.758
 4.156 3.480 2.620 2.100 1.710 1.447 1.248 1.097 0.977 0.871 0.763
 3.990 3.348 2.570 2.090 1.705 1.440 1.241 1.091 0.974 0.872 0.767
 3.828 3.230 2.535 2.077 1.705 1.440 1.239 1.087 0.969 0.869 0.771
 3.667 3.130 2.506 2.077 1.710 1.446 1.243 1.088 0.968 0.868 0.776
 3.527 3.050 2.489 2.082 1.721 1.456 1.251 1.094 0.971 0.871 0.781
 3.460 3.000 2.495 2.090 1.737 1.476 1.268 1.105 0.977 0.875 0.789
 3.415 2.970 2.500 2.102 1.758 1.494 1.284 1.118 0.987 0.882 0.794
 3.413 2.960 2.520 2.129 1.785 1.519 1.306 1.137 1.004 0.896 0.805
 3.419 2.990 2.540 2.160 1.820 1.547 1.331 1.160 1.025 0.915 0.819
 [Fe/H] = -3.00: Color Index = BCv
-4.893-3.811-2.604-1.697-1.361-0.953-0.652-0.437-0.288-0.185-0.107
-4.593-3.579-2.412-1.569-1.230-0.872-0.608-0.420-0.289-0.196-0.121
-4.333-3.376-2.247-1.454-1.117-0.804-0.573-0.408-0.291-0.206-0.136
-4.093-3.185-2.118-1.363-1.022-0.750-0.547-0.400-0.294-0.216-0.152
-3.873-2.975-2.014-1.301-0.950-0.708-0.527-0.395-0.300-0.228-0.168
-3.673-2.756-1.963-1.266-0.897-0.676-0.511-0.392-0.305-0.240-0.183
-3.493-2.589-1.936-1.274-0.858-0.653-0.500-0.389-0.309-0.249-0.197
-3.343-2.459-1.888-1.282-0.826-0.635-0.492-0.388-0.312-0.255-0.208
-3.223-2.355-1.831-1.278-0.811-0.626-0.487-0.385-0.312-0.259-0.216
-3.113-2.298-1.777-1.266-0.807-0.620-0.481-0.381-0.310-0.259-0.220
-3.040-2.255-1.717-1.240-0.812-0.618-0.476-0.376-0.307-0.259-0.221
-3.004-2.238-1.672-1.203-0.812-0.617-0.474-0.372-0.302-0.254-0.219
 [Fe/H] = -2.00: Color Index = BCv
-4.923-3.841-2.682-1.786-1.288-0.919-0.639-0.432-0.284-0.178-0.099
-4.623-3.609-2.493-1.641-1.153-0.835-0.592-0.412-0.281-0.186-0.113
-4.363-3.406-2.324-1.520-1.063-0.772-0.554-0.395-0.281-0.196-0.127
-4.123-3.215-2.201-1.422-0.973-0.716-0.525-0.385-0.284-0.207-0.141
-3.903-3.005-2.094-1.349-0.923-0.684-0.506-0.377-0.285-0.216-0.156
-3.703-2.786-2.036-1.310-0.891-0.661-0.493-0.373-0.288-0.224-0.169
-3.523-2.619-1.966-1.304-0.882-0.653-0.487-0.371-0.290-0.231-0.180
-3.373-2.489-1.918-1.312-0.873-0.648-0.484-0.369-0.290-0.234-0.189
-3.253-2.385-1.861-1.308-0.857-0.643-0.484-0.369-0.289-0.234-0.195
-3.143-2.328-1.807-1.296-0.843-0.640-0.484-0.368-0.286-0.231-0.197
-3.070-2.285-1.747-1.270-0.838-0.639-0.484-0.367-0.283-0.227-0.195
-3.034-2.268-1.702-1.233-0.842-0.642-0.485-0.366-0.281-0.224-0.192
 [Fe/H] = -1.00: Color Index = BCv
-4.983-3.891-2.461-1.675-1.183-0.833-0.581-0.402-0.271-0.163-0.054
-4.683-3.659-2.330-1.557-1.083-0.769-0.542-0.381-0.265-0.174-0.086
-4.423-3.456-2.210-1.457-1.008-0.722-0.514-0.366-0.261-0.180-0.107
-4.183-3.265-2.115-1.384-0.953-0.690-0.497-0.358-0.259-0.184-0.117
-3.963-3.055-2.054-1.329-0.928-0.675-0.489-0.355-0.260-0.189-0.128
-3.763-2.836-2.023-1.306-0.920-0.670-0.487-0.356-0.263-0.195-0.138
-3.583-2.669-2.006-1.334-0.925-0.676-0.492-0.360-0.266-0.199-0.145
-3.433-2.539-1.958-1.342-0.936-0.683-0.496-0.362-0.268-0.202-0.151
-3.313-2.435-1.901-1.338-0.938-0.690-0.503-0.367-0.270-0.203-0.155
-3.203-2.378-1.847-1.326-0.918-0.691-0.511-0.373-0.271-0.200-0.156
-3.130-2.335-1.787-1.300-0.893-0.691-0.520-0.380-0.272-0.197-0.155
-3.094-2.318-1.742-1.263-0.881-0.690-0.523-0.384-0.274-0.196-0.153
 [Fe/H] = -0.50: Color Index = BCv
-5.083-3.905-2.450-1.394-1.018-0.767-0.561-0.392-0.253-0.138-0.039
-4.783-3.739-2.353-1.357-0.982-0.726-0.526-0.371-0.250-0.153-0.070
-4.523-3.536-2.279-1.331-0.959-0.699-0.503-0.357-0.248-0.163-0.090
-4.283-3.345-2.215-1.317-0.949-0.687-0.492-0.350-0.247-0.168-0.099
-4.063-3.135-2.151-1.316-0.939-0.683-0.491-0.351-0.249-0.172-0.107
-3.863-2.916-2.114-1.346-0.944-0.687-0.494-0.353-0.252-0.177-0.115
-3.683-2.749-2.066-1.374-0.952-0.693-0.499-0.357-0.255-0.181-0.122
-3.533-2.619-2.018-1.382-0.965-0.703-0.506-0.362-0.258-0.184-0.127
-3.413-2.515-1.961-1.378-0.977-0.715-0.516-0.368-0.262-0.186-0.131
-3.303-2.458-1.907-1.366-0.968-0.723-0.528-0.377-0.265-0.186-0.134
-3.230-2.415-1.847-1.340-0.938-0.724-0.541-0.389-0.270-0.185-0.135
-3.194-2.398-1.802-1.303-0.917-0.723-0.548-0.397-0.275-0.186-0.134
 [Fe/H] =  0.00: Color Index = BCv
-6.590-4.708-2.668-1.503-1.013-0.737-0.530-0.373-0.249-0.140-0.029
-6.028-4.344-2.565-1.466-1.000-0.729-0.522-0.365-0.244-0.147-0.059
-5.546-4.024-2.468-1.440-0.986-0.720-0.515-0.359-0.242-0.152-0.077
-5.095-3.698-2.386-1.425-0.973-0.711-0.509-0.357-0.243-0.156-0.083
-4.698-3.401-2.309-1.407-0.967-0.704-0.504-0.355-0.244-0.160-0.090
-4.347-3.144-2.231-1.416-0.975-0.710-0.508-0.358-0.247-0.164-0.097
-4.074-2.929-2.159-1.424-0.985-0.720-0.516-0.363-0.251-0.168-0.103
-3.802-2.799-2.098-1.432-0.997-0.730-0.524-0.370-0.256-0.172-0.108
-3.653-2.695-2.041-1.428-1.013-0.745-0.536-0.378-0.261-0.176-0.113
-3.543-2.638-1.987-1.416-1.021-0.758-0.550-0.389-0.268-0.180-0.117
-3.470-2.595-1.927-1.390-0.999-0.763-0.565-0.404-0.277-0.183-0.120
-3.434-2.578-1.882-1.353-0.962-0.759-0.577-0.419-0.288-0.189-0.124
 [Fe/H] =  0.30: Color Index = BCv
-7.145-5.193-2.860-1.587-1.018-0.745-0.533-0.368-0.237-0.127-0.025
-6.498-4.771-2.753-1.553-1.003-0.734-0.525-0.364-0.238-0.137-0.048
-5.907-4.367-2.649-1.523-0.995-0.728-0.520-0.361-0.239-0.144-0.064
-5.426-4.011-2.553-1.497-0.994-0.726-0.518-0.360-0.240-0.148-0.073
-4.998-3.695-2.460-1.477-0.998-0.728-0.519-0.361-0.242-0.152-0.079
-4.633-3.431-2.360-1.463-0.997-0.725-0.517-0.361-0.245-0.157-0.086
-4.313-3.182-2.283-1.458-1.008-0.734-0.524-0.366-0.249-0.161-0.091
-4.076-3.015-2.205-1.458-1.021-0.746-0.533-0.372-0.253-0.165-0.097
-3.905-2.884-2.138-1.463-1.039-0.761-0.545-0.381-0.259-0.169-0.102
-3.783-2.788-2.067-1.466-1.060-0.779-0.559-0.391-0.266-0.174-0.106
-3.710-2.745-2.007-1.440-1.054-0.790-0.576-0.406-0.276-0.180-0.113
-3.674-2.728-1.962-1.403-1.020-0.791-0.592-0.424-0.287-0.183-0.113
