 34 TEFF'S        7 LOG G'S       6 FE/H'S        4 INDICES  (1 Sept 2005)
 4000. 4250. 4500. 4750. 5000. 5250. 5500. 6000. 6500. 7000. 7500. 8000. 8500.
 9000. 9500.10000.11000.12000.13000.14000.15000.16000.17000.19000.21000.23000.
25000.27000.29000.31000.33000.35000.37500.40000.
 2.0 2.5 3.0 3.5 4.0 4.5 5.0
 [Fe/H] = -3.00: Color Index = B-V
 1.258 1.112 0.959 0.810 0.677 0.572 0.506 0.380 0.270 0.172 0.093 0.021-0.011
-0.026-0.035-0.044-0.076-0.094-0.111-0.106-0.139-0.151-0.161-0.180-0.209-0.226
-0.241-0.243-0.269-0.272-0.286-0.288-0.296-0.299
 1.214 1.082 0.940 0.801 0.675 0.574 0.510 0.395 0.298 0.210 0.131 0.045 0.001
-0.027-0.043-0.055-0.076-0.094-0.111-0.126-0.139-0.151-0.161-0.180-0.209-0.226
-0.241-0.243-0.269-0.272-0.286-0.288-0.296-0.299
 1.194 1.070 0.935 0.801 0.679 0.580 0.516 0.408 0.318 0.236 0.161 0.077 0.025
-0.012-0.036-0.053-0.077-0.097-0.115-0.131-0.145-0.158-0.170-0.190-0.209-0.226
-0.241-0.243-0.269-0.272-0.286-0.288-0.296-0.299
 1.203 1.074 0.940 0.809 0.691 0.593 0.525 0.420 0.334 0.257 0.191 0.119 0.056
 0.014-0.018-0.040-0.071-0.092-0.111-0.127-0.142-0.156-0.168-0.190-0.210-0.227
-0.244-0.259-0.269-0.272-0.286-0.288-0.296-0.299
 1.238 1.096 0.955 0.822 0.704 0.607 0.538 0.433 0.348 0.275 0.217 0.161 0.094
 0.046 0.010-0.018-0.056-0.082-0.102-0.119-0.135-0.149-0.162-0.185-0.205-0.223
-0.240-0.255-0.269-0.280-0.286-0.288-0.296-0.299
 1.290 1.129 0.978 0.841 0.722 0.624 0.552 0.443 0.358 0.289 0.239 0.192 0.137
 0.083 0.044 0.012-0.035-0.065-0.088-0.106-0.123-0.138-0.152-0.176-0.197-0.216
-0.233-0.249-0.263-0.276-0.287-0.293-0.296-0.299
 1.349 1.175 1.013 0.867 0.742 0.641 0.570 0.453 0.366 0.302 0.262 0.230 0.172
 0.119 0.082 0.049-0.005-0.043-0.069-0.090-0.107-0.123-0.138-0.164-0.186-0.206
-0.224-0.240-0.256-0.270-0.282-0.291-0.297-0.301
 [Fe/H] = -2.00: Color Index = B-V
 1.238 1.094 0.957 0.830 0.715 0.615 0.533 0.397 0.284 0.185 0.103 0.021-0.012
-0.027-0.036-0.045-0.077-0.095-0.111-0.106-0.140-0.152-0.162-0.180-0.209-0.226
-0.240-0.258-0.269-0.280-0.287-0.294-0.297-0.300
 1.194 1.052 0.925 0.811 0.708 0.616 0.533 0.409 0.310 0.222 0.140 0.045 0.000
-0.028-0.044-0.057-0.077-0.095-0.111-0.126-0.140-0.152-0.162-0.180-0.209-0.226
-0.240-0.258-0.269-0.280-0.287-0.294-0.297-0.300
 1.174 1.034 0.913 0.806 0.711 0.623 0.540 0.424 0.332 0.249 0.171 0.077 0.025
-0.013-0.037-0.054-0.079-0.098-0.115-0.131-0.145-0.158-0.170-0.191-0.209-0.226
-0.240-0.258-0.269-0.280-0.287-0.294-0.297-0.300
 1.183 1.042 0.923 0.820 0.728 0.641 0.552 0.438 0.349 0.270 0.200 0.119 0.056
 0.013-0.019-0.041-0.072-0.093-0.111-0.128-0.143-0.156-0.169-0.191-0.210-0.227
-0.243-0.258-0.269-0.280-0.287-0.294-0.297-0.300
 1.218 1.067 0.944 0.841 0.749 0.661 0.569 0.451 0.361 0.286 0.226 0.161 0.094
 0.046 0.009-0.019-0.058-0.083-0.102-0.120-0.135-0.149-0.162-0.185-0.205-0.223
-0.240-0.255-0.269-0.280-0.287-0.294-0.297-0.300
 1.270 1.103 0.972 0.865 0.773 0.685 0.590 0.463 0.371 0.300 0.247 0.192 0.137
 0.082 0.043 0.011-0.036-0.066-0.088-0.107-0.123-0.138-0.152-0.176-0.197-0.216
-0.233-0.249-0.263-0.276-0.287-0.294-0.297-0.300
 1.329 1.150 1.009 0.895 0.798 0.707 0.613 0.476 0.380 0.311 0.268 0.217 0.172
 0.119 0.082 0.048-0.007-0.044-0.070-0.090-0.108-0.124-0.138-0.164-0.187-0.207
-0.224-0.241-0.256-0.270-0.282-0.291-0.298-0.302
 [Fe/H] = -1.00: Color Index = B-V
 1.223 1.117 1.004 0.890 0.781 0.681 0.595 0.430 0.309 0.210 0.124 0.027-0.011
-0.029-0.038-0.047-0.080-0.097-0.113-0.107-0.142-0.154-0.164-0.180-0.210-0.224
-0.237-0.257-0.268-0.272-0.287-0.290-0.298-0.302
 1.179 1.072 0.968 0.867 0.770 0.679 0.595 0.449 0.336 0.238 0.150 0.051 0.002
-0.030-0.048-0.060-0.080-0.097-0.113-0.128-0.142-0.154-0.164-0.180-0.210-0.224
-0.237-0.257-0.268-0.272-0.287-0.290-0.298-0.302
 1.159 1.051 0.950 0.855 0.765 0.680 0.600 0.462 0.354 0.260 0.177 0.083 0.027
-0.013-0.040-0.058-0.082-0.101-0.118-0.133-0.147-0.161-0.172-0.193-0.210-0.224
-0.237-0.257-0.268-0.272-0.287-0.290-0.298-0.302
 1.168 1.053 0.949 0.855 0.768 0.686 0.608 0.477 0.372 0.281 0.204 0.124 0.059
 0.013-0.021-0.045-0.075-0.096-0.114-0.130-0.145-0.158-0.171-0.193-0.212-0.228
-0.242-0.257-0.268-0.272-0.287-0.290-0.298-0.302
 1.203 1.076 0.964 0.865 0.776 0.695 0.620 0.490 0.387 0.301 0.233 0.167 0.096
 0.046 0.008-0.022-0.061-0.086-0.105-0.122-0.137-0.151-0.164-0.187-0.207-0.225
-0.240-0.254-0.268-0.280-0.287-0.290-0.298-0.302
 1.255 1.111 0.988 0.883 0.791 0.710 0.635 0.505 0.401 0.317 0.254 0.198 0.140
 0.083 0.043 0.009-0.040-0.070-0.091-0.109-0.126-0.140-0.154-0.178-0.199-0.218
-0.234-0.249-0.263-0.276-0.287-0.294-0.298-0.302
 1.314 1.157 1.022 0.906 0.807 0.723 0.651 0.520 0.415 0.332 0.276 0.223 0.176
 0.121 0.081 0.046-0.010-0.048-0.073-0.093-0.110-0.126-0.140-0.166-0.188-0.208
-0.225-0.241-0.255-0.269-0.282-0.291-0.299-0.303
 [Fe/H] = -0.50: Color Index = B-V
 1.320 1.206 1.087 0.967 0.851 0.743 0.648 0.464 0.329 0.229 0.143 0.035-0.009
-0.030-0.041-0.050-0.083-0.100-0.117-0.110-0.145-0.156-0.167-0.181-0.211-0.223
-0.236-0.256-0.267-0.271-0.286-0.290-0.299-0.304
 1.292 1.175 1.058 0.944 0.835 0.733 0.641 0.483 0.355 0.253 0.164 0.059 0.004
-0.031-0.050-0.063-0.083-0.100-0.117-0.131-0.145-0.156-0.167-0.181-0.211-0.223
-0.236-0.256-0.267-0.271-0.286-0.290-0.299-0.304
 1.285 1.161 1.043 0.932 0.828 0.731 0.640 0.497 0.375 0.275 0.189 0.091 0.030
-0.014-0.043-0.061-0.086-0.104-0.121-0.136-0.150-0.164-0.175-0.195-0.211-0.223
-0.236-0.256-0.267-0.271-0.286-0.290-0.299-0.304
 1.296 1.162 1.040 0.929 0.827 0.732 0.643 0.513 0.394 0.295 0.214 0.130 0.062
 0.013-0.022-0.048-0.079-0.100-0.117-0.133-0.148-0.161-0.174-0.196-0.214-0.228
-0.242-0.256-0.267-0.271-0.286-0.290-0.299-0.304
 1.319 1.174 1.046 0.932 0.830 0.737 0.651 0.526 0.409 0.315 0.242 0.174 0.099
 0.047 0.006-0.024-0.065-0.090-0.109-0.125-0.140-0.154-0.167-0.190-0.209-0.226
-0.240-0.254-0.268-0.279-0.286-0.290-0.299-0.304
 1.352 1.196 1.060 0.941 0.836 0.743 0.659 0.539 0.424 0.331 0.264 0.206 0.143
 0.084 0.042 0.007-0.043-0.074-0.095-0.113-0.129-0.143-0.157-0.181-0.201-0.219
-0.234-0.248-0.262-0.276-0.286-0.294-0.299-0.304
 1.398 1.228 1.082 0.956 0.847 0.753 0.670 0.548 0.434 0.346 0.287 0.231 0.181
 0.122 0.081 0.045-0.013-0.051-0.077-0.096-0.114-0.129-0.143-0.168-0.191-0.210
-0.226-0.241-0.255-0.269-0.281-0.291-0.299-0.304
 [Fe/H] =  0.00: Color Index = B-V
 1.473 1.352 1.228 1.103 0.981 0.865 0.757 0.512 0.360 0.256 0.167 0.047-0.006
-0.031-0.045-0.055-0.090-0.107-0.123-0.114-0.150-0.161-0.170-0.181-0.211-0.222
-0.233-0.254-0.264-0.267-0.283-0.287-0.295-0.301
 1.430 1.304 1.185 1.072 0.963 0.856 0.748 0.529 0.383 0.276 0.185 0.073 0.009
-0.031-0.054-0.069-0.090-0.107-0.123-0.137-0.150-0.161-0.170-0.181-0.211-0.222
-0.233-0.254-0.264-0.267-0.283-0.287-0.295-0.301
 1.402 1.274 1.158 1.051 0.948 0.846 0.742 0.543 0.402 0.295 0.206 0.104 0.035
-0.014-0.046-0.066-0.092-0.111-0.128-0.143-0.156-0.169-0.180-0.199-0.211-0.222
-0.233-0.254-0.264-0.267-0.283-0.287-0.295-0.301
 1.390 1.255 1.138 1.033 0.935 0.838 0.737 0.553 0.419 0.314 0.230 0.142 0.068
 0.014-0.025-0.052-0.086-0.107-0.124-0.140-0.154-0.167-0.179-0.200-0.216-0.228
-0.241-0.254-0.264-0.267-0.283-0.287-0.295-0.301
 1.390 1.260 1.140 1.028 0.924 0.826 0.734 0.562 0.433 0.332 0.256 0.187 0.106
 0.049 0.005-0.028-0.071-0.096-0.115-0.131-0.146-0.160-0.172-0.194-0.213-0.227
-0.240-0.253-0.266-0.276-0.283-0.287-0.295-0.301
 1.400 1.269 1.145 1.028 0.919 0.819 0.730 0.570 0.447 0.350 0.280 0.220 0.149
 0.087 0.041 0.004-0.049-0.080-0.101-0.119-0.135-0.149-0.162-0.185-0.205-0.222
-0.235-0.248-0.261-0.274-0.283-0.290-0.295-0.301
 1.413 1.283 1.154 1.030 0.916 0.815 0.730 0.578 0.459 0.367 0.303 0.245 0.189
 0.126 0.081 0.042-0.018-0.057-0.083-0.103-0.119-0.135-0.148-0.173-0.194-0.212
-0.228-0.241-0.254-0.267-0.279-0.287-0.294-0.300
 [Fe/H] =  0.30: Color Index = B-V
 1.528 1.418 1.304 1.186 1.067 0.947 0.829 0.558 0.388 0.270 0.174 0.058-0.002
-0.032-0.048-0.060-0.096-0.114-0.129-0.143-0.155-0.165-0.173-0.201-0.211-0.221
-0.231-0.253-0.262-0.275-0.282-0.290-0.298-0.305
 1.494 1.383 1.270 1.157 1.043 0.930 0.819 0.566 0.405 0.291 0.197 0.085 0.013
-0.031-0.057-0.073-0.096-0.114-0.129-0.143-0.155-0.165-0.173-0.201-0.211-0.221
-0.231-0.253-0.262-0.275-0.282-0.290-0.298-0.305
 1.470 1.349 1.235 1.125 1.019 0.914 0.809 0.574 0.419 0.308 0.219 0.117 0.041
-0.013-0.048-0.071-0.098-0.118-0.134-0.149-0.162-0.174-0.185-0.201-0.211-0.221
-0.231-0.253-0.262-0.275-0.282-0.290-0.298-0.305
 1.452 1.324 1.208 1.101 0.999 0.900 0.802 0.582 0.435 0.328 0.244 0.153 0.075
 0.015-0.027-0.056-0.091-0.113-0.131-0.146-0.159-0.172-0.184-0.203-0.218-0.228
-0.240-0.253-0.262-0.275-0.282-0.290-0.298-0.305
 1.444 1.307 1.187 1.080 0.981 0.887 0.795 0.591 0.450 0.347 0.271 0.197 0.112
 0.051 0.004-0.031-0.076-0.102-0.121-0.137-0.152-0.165-0.177-0.198-0.215-0.228
-0.239-0.252-0.265-0.275-0.282-0.290-0.298-0.305
 1.440 1.301 1.178 1.068 0.968 0.876 0.789 0.600 0.466 0.367 0.297 0.232 0.155
 0.090 0.041 0.002-0.053-0.085-0.107-0.125-0.140-0.154-0.166-0.189-0.208-0.223
-0.235-0.247-0.260-0.272-0.282-0.290-0.298-0.305
 1.438 1.299 1.175 1.064 0.963 0.871 0.787 0.611 0.481 0.384 0.318 0.265 0.196
 0.129 0.082 0.041-0.022-0.062-0.088-0.108-0.125-0.140-0.153-0.177-0.197-0.215
-0.229-0.241-0.253-0.266-0.277-0.286-0.296-0.304
 [Fe/H] = -3.00: Color Index = V-R
 0.754 0.652 0.567 0.497 0.438 0.389 0.346 0.272 0.201 0.137 0.084 0.037 0.020
 0.013 0.009 0.004-0.016-0.026-0.035-0.030-0.051-0.057-0.062-0.072-0.090-0.098
-0.106-0.106-0.122-0.121-0.132-0.130-0.135-0.134
 0.737 0.643 0.562 0.494 0.437 0.390 0.350 0.280 0.214 0.152 0.097 0.044 0.020
 0.007-0.001-0.006-0.016-0.026-0.035-0.043-0.051-0.057-0.062-0.072-0.090-0.098
-0.106-0.106-0.122-0.121-0.132-0.130-0.135-0.134
 0.728 0.639 0.561 0.494 0.438 0.391 0.354 0.287 0.225 0.166 0.112 0.055 0.025
 0.006-0.004-0.011-0.022-0.032-0.041-0.050-0.057-0.064-0.070-0.080-0.090-0.098
-0.106-0.106-0.122-0.121-0.132-0.130-0.135-0.134
 0.732 0.646 0.568 0.500 0.442 0.395 0.359 0.293 0.233 0.177 0.125 0.068 0.033
 0.009-0.005-0.014-0.026-0.036-0.045-0.053-0.061-0.068-0.074-0.084-0.093-0.102
-0.110-0.118-0.122-0.121-0.132-0.130-0.135-0.134
 0.743 0.659 0.580 0.508 0.447 0.398 0.364 0.298 0.241 0.188 0.138 0.084 0.044
 0.015-0.003-0.015-0.029-0.039-0.048-0.056-0.063-0.070-0.076-0.087-0.096-0.104
-0.112-0.119-0.126-0.130-0.132-0.130-0.135-0.134
 0.761 0.677 0.595 0.520 0.455 0.403 0.369 0.303 0.248 0.199 0.153 0.099 0.057
 0.022 0.000-0.014-0.030-0.041-0.050-0.058-0.065-0.072-0.078-0.088-0.097-0.105
-0.113-0.120-0.127-0.132-0.136-0.137-0.135-0.134
 0.785 0.698 0.612 0.533 0.464 0.410 0.375 0.309 0.255 0.208 0.168 0.125 0.072
 0.033 0.007-0.011-0.031-0.043-0.052-0.060-0.067-0.073-0.079-0.090-0.099-0.107
-0.114-0.121-0.128-0.133-0.138-0.140-0.140-0.138
 [Fe/H] = -2.00: Color Index = V-R
 0.708 0.623 0.553 0.493 0.442 0.396 0.351 0.274 0.202 0.138 0.084 0.039 0.019
 0.011 0.007 0.003-0.017-0.026-0.035-0.030-0.051-0.057-0.063-0.072-0.090-0.098
-0.105-0.117-0.122-0.130-0.136-0.138-0.136-0.134
 0.702 0.618 0.548 0.490 0.440 0.395 0.353 0.283 0.216 0.153 0.097 0.047 0.020
 0.006-0.002-0.007-0.017-0.026-0.035-0.043-0.051-0.057-0.063-0.072-0.090-0.098
-0.105-0.117-0.122-0.130-0.136-0.138-0.136-0.134
 0.706 0.619 0.548 0.489 0.440 0.397 0.357 0.289 0.225 0.165 0.110 0.058 0.024
 0.005-0.005-0.012-0.023-0.033-0.041-0.050-0.057-0.064-0.070-0.080-0.090-0.098
-0.105-0.117-0.122-0.130-0.136-0.138-0.136-0.134
 0.717 0.630 0.557 0.496 0.444 0.400 0.360 0.294 0.234 0.178 0.125 0.072 0.032
 0.008-0.006-0.015-0.027-0.037-0.045-0.053-0.061-0.067-0.074-0.084-0.094-0.102
-0.110-0.117-0.122-0.130-0.136-0.138-0.136-0.134
 0.733 0.648 0.573 0.507 0.451 0.404 0.365 0.300 0.243 0.189 0.139 0.087 0.043
 0.014-0.004-0.015-0.029-0.039-0.048-0.056-0.063-0.070-0.076-0.087-0.096-0.104
-0.112-0.119-0.126-0.130-0.136-0.138-0.136-0.134
 0.756 0.667 0.588 0.519 0.460 0.411 0.373 0.305 0.249 0.198 0.151 0.103 0.056
 0.022 0.000-0.014-0.031-0.042-0.050-0.058-0.065-0.071-0.078-0.088-0.097-0.105
-0.113-0.120-0.127-0.132-0.136-0.138-0.136-0.134
 0.781 0.689 0.606 0.533 0.471 0.420 0.380 0.310 0.255 0.209 0.169 0.117 0.071
 0.032 0.006-0.012-0.032-0.043-0.052-0.060-0.067-0.073-0.079-0.090-0.099-0.107
-0.114-0.121-0.128-0.133-0.138-0.141-0.141-0.139
 [Fe/H] = -1.00: Color Index = V-R
 0.753 0.643 0.560 0.497 0.448 0.405 0.360 0.281 0.207 0.141 0.086 0.040 0.017
 0.009 0.005 0.002-0.018-0.027-0.036-0.030-0.051-0.058-0.064-0.073-0.091-0.098
-0.105-0.118-0.122-0.122-0.133-0.131-0.137-0.136
 0.756 0.643 0.559 0.496 0.447 0.404 0.361 0.288 0.219 0.155 0.098 0.047 0.018
 0.003-0.004-0.009-0.018-0.027-0.036-0.044-0.051-0.058-0.064-0.073-0.091-0.098
-0.105-0.118-0.122-0.122-0.133-0.131-0.137-0.136
 0.764 0.650 0.564 0.499 0.448 0.406 0.365 0.293 0.228 0.167 0.112 0.058 0.023
 0.003-0.008-0.015-0.025-0.034-0.042-0.050-0.058-0.065-0.071-0.082-0.091-0.098
-0.105-0.118-0.122-0.122-0.133-0.131-0.137-0.136
 0.779 0.664 0.575 0.507 0.454 0.410 0.369 0.299 0.237 0.179 0.125 0.071 0.031
 0.007-0.008-0.017-0.029-0.038-0.046-0.054-0.061-0.068-0.074-0.085-0.095-0.103
-0.110-0.118-0.122-0.122-0.133-0.131-0.137-0.136
 0.799 0.682 0.591 0.520 0.463 0.416 0.374 0.305 0.246 0.192 0.140 0.086 0.042
 0.012-0.006-0.017-0.031-0.041-0.049-0.056-0.063-0.070-0.076-0.087-0.097-0.105
-0.112-0.119-0.126-0.131-0.133-0.131-0.137-0.136
 0.821 0.706 0.612 0.536 0.475 0.424 0.380 0.311 0.254 0.202 0.153 0.101 0.055
 0.020-0.002-0.016-0.032-0.043-0.051-0.058-0.065-0.072-0.078-0.089-0.098-0.106
-0.114-0.121-0.127-0.133-0.137-0.139-0.137-0.136
 0.846 0.732 0.635 0.554 0.487 0.432 0.388 0.319 0.262 0.212 0.168 0.115 0.069
 0.030 0.004-0.013-0.033-0.045-0.053-0.060-0.067-0.073-0.079-0.090-0.099-0.107
-0.115-0.122-0.128-0.134-0.139-0.141-0.142-0.140
 [Fe/H] = -0.50: Color Index = V-R
 0.798 0.668 0.575 0.508 0.458 0.414 0.367 0.286 0.212 0.145 0.089 0.042 0.017
 0.008 0.004 0.001-0.019-0.028-0.036-0.031-0.052-0.059-0.065-0.074-0.092-0.098
-0.105-0.118-0.123-0.123-0.134-0.132-0.138-0.138
 0.803 0.673 0.578 0.508 0.456 0.413 0.370 0.293 0.223 0.159 0.102 0.049 0.018
 0.002-0.006-0.011-0.019-0.028-0.036-0.044-0.052-0.059-0.065-0.074-0.092-0.098
-0.105-0.118-0.123-0.123-0.134-0.132-0.138-0.138
 0.812 0.682 0.585 0.514 0.460 0.416 0.373 0.299 0.233 0.171 0.114 0.059 0.024
 0.002-0.010-0.017-0.026-0.035-0.043-0.051-0.058-0.065-0.072-0.083-0.092-0.098
-0.105-0.118-0.123-0.123-0.134-0.132-0.138-0.138
 0.832 0.700 0.600 0.525 0.468 0.421 0.377 0.306 0.242 0.183 0.127 0.072 0.031
 0.006-0.009-0.019-0.031-0.039-0.047-0.054-0.061-0.068-0.075-0.086-0.096-0.104
-0.111-0.118-0.123-0.123-0.134-0.132-0.138-0.138
 0.854 0.721 0.620 0.543 0.482 0.431 0.383 0.313 0.252 0.195 0.141 0.087 0.041
 0.011-0.007-0.019-0.033-0.042-0.050-0.057-0.064-0.070-0.077-0.088-0.098-0.106
-0.113-0.120-0.128-0.132-0.134-0.132-0.138-0.138
 0.879 0.747 0.643 0.561 0.496 0.441 0.390 0.318 0.258 0.205 0.155 0.101 0.054
 0.019-0.003-0.018-0.034-0.044-0.052-0.059-0.066-0.072-0.078-0.089-0.099-0.107
-0.115-0.122-0.128-0.134-0.138-0.140-0.138-0.138
 0.907 0.778 0.671 0.583 0.511 0.450 0.397 0.323 0.264 0.214 0.170 0.115 0.068
 0.029 0.003-0.014-0.034-0.046-0.054-0.061-0.067-0.074-0.079-0.090-0.100-0.108
-0.116-0.123-0.129-0.135-0.140-0.143-0.143-0.142
 [Fe/H] =  0.00: Color Index = V-R
 0.825 0.698 0.602 0.530 0.474 0.427 0.380 0.297 0.219 0.150 0.092 0.046 0.019
 0.007 0.003 0.000-0.020-0.028-0.037-0.032-0.053-0.061-0.067-0.075-0.094-0.100
-0.106-0.121-0.125-0.123-0.135-0.133-0.139-0.139
 0.829 0.703 0.606 0.531 0.473 0.426 0.383 0.303 0.230 0.164 0.106 0.053 0.020
 0.002-0.007-0.012-0.020-0.028-0.037-0.045-0.053-0.061-0.067-0.075-0.094-0.100
-0.106-0.121-0.125-0.123-0.135-0.133-0.139-0.139
 0.838 0.714 0.614 0.536 0.474 0.426 0.386 0.308 0.239 0.176 0.118 0.063 0.025
 0.003-0.011-0.019-0.028-0.035-0.043-0.051-0.059-0.067-0.073-0.086-0.094-0.100
-0.106-0.121-0.125-0.123-0.135-0.133-0.139-0.139
 0.852 0.727 0.625 0.543 0.479 0.429 0.390 0.314 0.249 0.189 0.133 0.074 0.033
 0.006-0.010-0.021-0.032-0.040-0.047-0.055-0.062-0.069-0.076-0.088-0.099-0.106
-0.113-0.121-0.125-0.123-0.135-0.133-0.139-0.139
 0.868 0.745 0.643 0.559 0.492 0.439 0.397 0.319 0.257 0.202 0.148 0.089 0.042
 0.012-0.008-0.021-0.035-0.044-0.051-0.058-0.064-0.071-0.077-0.089-0.100-0.108
-0.115-0.123-0.130-0.134-0.135-0.133-0.139-0.139
 0.887 0.768 0.665 0.578 0.507 0.450 0.406 0.326 0.265 0.212 0.161 0.103 0.055
 0.019-0.003-0.019-0.036-0.046-0.053-0.060-0.066-0.072-0.079-0.090-0.100-0.109
-0.117-0.123-0.131-0.137-0.140-0.140-0.139-0.139
 0.907 0.790 0.687 0.599 0.525 0.465 0.418 0.335 0.274 0.223 0.177 0.116 0.069
 0.028 0.003-0.015-0.036-0.048-0.056-0.062-0.068-0.074-0.080-0.091-0.101-0.110
-0.118-0.124-0.131-0.137-0.141-0.144-0.143-0.142
 [Fe/H] =  0.30: Color Index = V-R
 0.865 0.743 0.644 0.563 0.498 0.444 0.398 0.306 0.227 0.159 0.101 0.046 0.021
 0.009 0.004 0.001-0.020-0.028-0.037-0.046-0.055-0.062-0.069-0.088-0.095-0.101
-0.107-0.123-0.126-0.136-0.137-0.143-0.142-0.142
 0.869 0.749 0.648 0.564 0.496 0.442 0.400 0.312 0.237 0.171 0.113 0.053 0.023
 0.003-0.007-0.012-0.020-0.028-0.037-0.046-0.055-0.062-0.069-0.088-0.095-0.101
-0.107-0.123-0.126-0.136-0.137-0.143-0.142-0.142
 0.878 0.760 0.657 0.569 0.497 0.441 0.402 0.318 0.247 0.183 0.125 0.062 0.028
 0.004-0.010-0.019-0.028-0.035-0.044-0.052-0.060-0.068-0.075-0.088-0.095-0.101
-0.107-0.123-0.126-0.136-0.137-0.143-0.142-0.142
 0.892 0.775 0.670 0.579 0.503 0.444 0.404 0.326 0.259 0.198 0.139 0.073 0.035
 0.007-0.010-0.021-0.033-0.040-0.048-0.055-0.063-0.070-0.077-0.090-0.101-0.108
-0.115-0.123-0.126-0.136-0.137-0.143-0.142-0.142
 0.908 0.790 0.684 0.592 0.515 0.454 0.409 0.334 0.270 0.210 0.152 0.086 0.044
 0.013-0.007-0.021-0.036-0.044-0.051-0.058-0.065-0.072-0.078-0.091-0.102-0.110
-0.117-0.125-0.132-0.136-0.137-0.143-0.142-0.142
 0.927 0.809 0.703 0.610 0.531 0.467 0.418 0.342 0.279 0.221 0.165 0.100 0.056
 0.020-0.003-0.019-0.037-0.047-0.054-0.060-0.067-0.073-0.079-0.091-0.102-0.111
-0.119-0.125-0.133-0.139-0.142-0.143-0.142-0.142
 0.947 0.833 0.729 0.636 0.554 0.485 0.430 0.348 0.284 0.229 0.180 0.124 0.070
 0.029 0.003-0.015-0.037-0.049-0.056-0.063-0.068-0.074-0.080-0.091-0.102-0.111
-0.119-0.126-0.133-0.139-0.144-0.146-0.146-0.146
 [Fe/H] = -3.00: Color Index = V-I
 1.492 1.305 1.149 1.020 0.912 0.820 0.737 0.589 0.450 0.323 0.217 0.127 0.080
 0.059 0.044 0.030-0.020-0.046-0.069-0.066-0.109-0.125-0.139-0.163-0.201-0.222
-0.242-0.244-0.276-0.277-0.297-0.294-0.304-0.301
 1.459 1.287 1.140 1.014 0.908 0.818 0.742 0.602 0.469 0.345 0.237 0.138 0.076
 0.044 0.025 0.010-0.020-0.046-0.069-0.090-0.109-0.125-0.139-0.163-0.201-0.222
-0.242-0.244-0.276-0.277-0.297-0.294-0.304-0.301
 1.453 1.284 1.139 1.015 0.910 0.822 0.749 0.616 0.489 0.368 0.259 0.155 0.082
 0.039 0.014-0.003-0.033-0.058-0.081-0.102-0.121-0.138-0.153-0.178-0.201-0.222
-0.242-0.244-0.276-0.277-0.297-0.294-0.304-0.301
 1.455 1.287 1.143 1.020 0.916 0.830 0.759 0.629 0.509 0.394 0.287 0.177 0.095
 0.041 0.010-0.012-0.042-0.067-0.089-0.110-0.128-0.145-0.160-0.186-0.207-0.228
-0.247-0.266-0.276-0.277-0.297-0.294-0.304-0.301
 1.466 1.299 1.154 1.030 0.925 0.838 0.768 0.642 0.527 0.416 0.312 0.204 0.114
 0.051 0.011-0.016-0.049-0.074-0.096-0.115-0.133-0.150-0.165-0.190-0.211-0.231
-0.250-0.268-0.283-0.293-0.297-0.294-0.304-0.301
 1.487 1.318 1.170 1.043 0.936 0.849 0.781 0.653 0.540 0.435 0.337 0.235 0.138
 0.067 0.018-0.014-0.053-0.079-0.100-0.120-0.137-0.153-0.168-0.193-0.214-0.233
-0.251-0.268-0.284-0.297-0.305-0.308-0.304-0.301
 1.510 1.337 1.186 1.056 0.947 0.859 0.792 0.663 0.551 0.452 0.367 0.285 0.169
 0.090 0.032-0.007-0.054-0.082-0.104-0.123-0.140-0.156-0.170-0.196-0.217-0.235
-0.252-0.269-0.285-0.298-0.308-0.314-0.313-0.310
 [Fe/H] = -2.00: Color Index = V-I
 1.410 1.258 1.127 1.013 0.912 0.821 0.735 0.589 0.450 0.323 0.216 0.125 0.077
 0.056 0.041 0.027-0.022-0.047-0.070-0.066-0.109-0.125-0.140-0.163-0.201-0.221
-0.240-0.265-0.276-0.294-0.306-0.309-0.305-0.302
 1.397 1.240 1.110 1.001 0.908 0.824 0.742 0.602 0.469 0.345 0.236 0.135 0.074
 0.042 0.022 0.007-0.022-0.047-0.070-0.090-0.109-0.125-0.140-0.163-0.201-0.221
-0.240-0.265-0.276-0.294-0.306-0.309-0.305-0.302
 1.400 1.241 1.110 1.002 0.910 0.828 0.749 0.616 0.489 0.368 0.258 0.152 0.080
 0.037 0.012-0.006-0.035-0.060-0.082-0.102-0.121-0.138-0.153-0.179-0.201-0.221
-0.240-0.265-0.276-0.294-0.306-0.309-0.305-0.302
 1.414 1.249 1.116 1.007 0.916 0.835 0.758 0.629 0.509 0.394 0.286 0.174 0.093
 0.039 0.008-0.014-0.044-0.069-0.090-0.110-0.128-0.145-0.160-0.186-0.208-0.228
-0.247-0.265-0.276-0.294-0.306-0.309-0.305-0.302
 1.438 1.270 1.132 1.019 0.925 0.843 0.768 0.642 0.527 0.416 0.311 0.201 0.112
 0.049 0.009-0.017-0.050-0.075-0.097-0.116-0.133-0.149-0.164-0.190-0.212-0.231
-0.250-0.267-0.283-0.294-0.306-0.309-0.305-0.302
 1.469 1.294 1.150 1.032 0.935 0.852 0.778 0.653 0.541 0.435 0.336 0.233 0.135
 0.065 0.016-0.016-0.054-0.080-0.101-0.120-0.137-0.153-0.168-0.193-0.214-0.233
-0.251-0.268-0.284-0.297-0.306-0.309-0.305-0.302
 1.507 1.321 1.170 1.047 0.946 0.862 0.789 0.663 0.552 0.452 0.365 0.263 0.165
 0.088 0.030-0.009-0.055-0.083-0.104-0.123-0.140-0.156-0.170-0.195-0.217-0.235
-0.253-0.269-0.285-0.298-0.308-0.314-0.314-0.310
 [Fe/H] = -1.00: Color Index = V-I
 1.489 1.279 1.123 1.006 0.914 0.831 0.741 0.591 0.451 0.323 0.215 0.121 0.071
 0.048 0.035 0.021-0.027-0.050-0.072-0.069-0.111-0.128-0.143-0.166-0.204-0.221
-0.238-0.265-0.277-0.279-0.300-0.297-0.308-0.306
 1.495 1.283 1.124 1.005 0.911 0.829 0.745 0.604 0.470 0.345 0.234 0.130 0.068
 0.035 0.015 0.000-0.027-0.050-0.072-0.093-0.111-0.128-0.143-0.166-0.204-0.221
-0.238-0.265-0.277-0.279-0.300-0.297-0.308-0.306
 1.513 1.295 1.131 1.009 0.914 0.833 0.752 0.618 0.490 0.368 0.256 0.146 0.074
 0.031 0.005-0.012-0.040-0.064-0.085-0.105-0.123-0.140-0.155-0.182-0.204-0.221
-0.238-0.265-0.277-0.279-0.300-0.297-0.308-0.306
 1.537 1.319 1.151 1.022 0.922 0.839 0.762 0.631 0.510 0.394 0.283 0.168 0.087
 0.034 0.002-0.020-0.049-0.073-0.094-0.112-0.130-0.146-0.162-0.188-0.211-0.230
-0.247-0.265-0.277-0.279-0.300-0.297-0.308-0.306
 1.565 1.349 1.177 1.041 0.933 0.846 0.771 0.643 0.527 0.416 0.308 0.193 0.105
 0.043 0.003-0.023-0.055-0.079-0.100-0.118-0.135-0.151-0.165-0.191-0.213-0.233
-0.251-0.268-0.284-0.295-0.300-0.297-0.308-0.306
 1.598 1.382 1.204 1.061 0.946 0.855 0.784 0.654 0.541 0.435 0.333 0.224 0.128
 0.059 0.011-0.021-0.058-0.084-0.105-0.123-0.139-0.154-0.168-0.194-0.215-0.235
-0.253-0.269-0.285-0.299-0.308-0.311-0.308-0.306
 1.634 1.413 1.230 1.081 0.961 0.867 0.796 0.664 0.552 0.452 0.363 0.254 0.157
 0.080 0.025-0.014-0.059-0.086-0.108-0.126-0.142-0.157-0.171-0.196-0.217-0.236
-0.254-0.270-0.286-0.299-0.310-0.316-0.317-0.314
 [Fe/H] = -0.50: Color Index = V-I
 1.550 1.324 1.150 1.016 0.912 0.826 0.746 0.592 0.449 0.319 0.211 0.120 0.068
 0.044 0.029 0.016-0.031-0.054-0.075-0.071-0.114-0.131-0.146-0.169-0.207-0.223
-0.239-0.267-0.279-0.280-0.302-0.299-0.311-0.310
 1.565 1.332 1.154 1.018 0.914 0.829 0.752 0.608 0.473 0.346 0.234 0.129 0.066
 0.030 0.009-0.006-0.031-0.054-0.075-0.096-0.114-0.131-0.146-0.169-0.207-0.223
-0.239-0.267-0.279-0.280-0.302-0.299-0.311-0.310
 1.592 1.353 1.169 1.028 0.920 0.834 0.758 0.621 0.495 0.374 0.260 0.144 0.071
 0.026 0.000-0.019-0.045-0.068-0.088-0.108-0.126-0.143-0.158-0.186-0.207-0.223
-0.239-0.267-0.279-0.280-0.302-0.299-0.311-0.310
 1.629 1.382 1.191 1.045 0.933 0.844 0.766 0.634 0.514 0.397 0.284 0.164 0.083
 0.030-0.003-0.026-0.054-0.077-0.097-0.115-0.132-0.149-0.164-0.191-0.214-0.233
-0.250-0.267-0.279-0.280-0.302-0.299-0.311-0.310
 1.668 1.415 1.217 1.064 0.946 0.853 0.776 0.645 0.530 0.420 0.311 0.189 0.100
 0.039-0.001-0.028-0.060-0.084-0.103-0.121-0.137-0.153-0.167-0.193-0.216-0.237
-0.254-0.270-0.286-0.298-0.302-0.299-0.311-0.310
 1.712 1.452 1.248 1.089 0.966 0.868 0.786 0.654 0.543 0.439 0.336 0.218 0.123
 0.054 0.007-0.025-0.063-0.088-0.108-0.125-0.141-0.156-0.170-0.195-0.218-0.238
-0.256-0.271-0.287-0.301-0.310-0.313-0.311-0.310
 1.758 1.493 1.283 1.118 0.989 0.885 0.795 0.666 0.558 0.459 0.367 0.247 0.151
 0.075 0.020-0.017-0.063-0.090-0.111-0.129-0.144-0.158-0.172-0.197-0.219-0.238
-0.256-0.273-0.287-0.301-0.312-0.318-0.319-0.317
 [Fe/H] =  0.00: Color Index = V-I
 1.623 1.354 1.158 1.017 0.914 0.832 0.753 0.599 0.453 0.320 0.210 0.119 0.064
 0.038 0.022 0.010-0.037-0.059-0.081-0.076-0.120-0.137-0.152-0.173-0.213-0.227
-0.242-0.272-0.284-0.283-0.307-0.305-0.318-0.319
 1.633 1.361 1.163 1.021 0.918 0.836 0.759 0.612 0.477 0.350 0.236 0.126 0.062
 0.025 0.002-0.013-0.037-0.059-0.081-0.101-0.120-0.137-0.152-0.173-0.213-0.227
-0.242-0.272-0.284-0.283-0.307-0.305-0.318-0.319
 1.642 1.378 1.180 1.034 0.925 0.840 0.765 0.625 0.498 0.377 0.262 0.140 0.067
 0.022-0.007-0.026-0.053-0.074-0.093-0.113-0.131-0.148-0.164-0.192-0.213-0.227
-0.242-0.272-0.284-0.283-0.307-0.305-0.318-0.319
 1.660 1.397 1.198 1.049 0.937 0.849 0.773 0.638 0.517 0.402 0.287 0.158 0.078
 0.025-0.009-0.033-0.063-0.084-0.102-0.120-0.137-0.153-0.168-0.196-0.221-0.239
-0.254-0.272-0.284-0.283-0.307-0.305-0.318-0.319
 1.693 1.427 1.224 1.070 0.954 0.862 0.782 0.652 0.537 0.424 0.310 0.182 0.094
 0.034-0.007-0.034-0.068-0.091-0.109-0.126-0.141-0.157-0.171-0.198-0.222-0.242
-0.258-0.275-0.292-0.303-0.307-0.305-0.318-0.319
 1.733 1.457 1.250 1.095 0.978 0.882 0.792 0.663 0.552 0.443 0.332 0.210 0.115
 0.048 0.001-0.031-0.071-0.095-0.114-0.130-0.145-0.159-0.173-0.199-0.222-0.243
-0.260-0.276-0.292-0.306-0.315-0.319-0.318-0.319
 1.770 1.489 1.278 1.120 0.999 0.900 0.806 0.673 0.563 0.460 0.361 0.238 0.142
 0.067 0.014-0.023-0.070-0.097-0.117-0.133-0.148-0.162-0.175-0.199-0.222-0.242
-0.261-0.277-0.292-0.306-0.317-0.323-0.326-0.325
 [Fe/H] =  0.30: Color Index = V-I
 1.705 1.440 1.239 1.087 0.969 0.869 0.771 0.615 0.462 0.322 0.208 0.118 0.063
 0.035 0.019 0.007-0.041-0.063-0.085-0.105-0.124-0.142-0.157-0.198-0.217-0.230
-0.245-0.277-0.286-0.306-0.308-0.320-0.318-0.319
 1.710 1.446 1.243 1.088 0.968 0.868 0.776 0.627 0.485 0.352 0.234 0.125 0.060
 0.022-0.002-0.017-0.041-0.063-0.085-0.105-0.124-0.142-0.157-0.198-0.217-0.230
-0.245-0.277-0.286-0.306-0.308-0.320-0.318-0.319
 1.721 1.456 1.251 1.094 0.971 0.871 0.781 0.635 0.504 0.379 0.261 0.137 0.065
 0.019-0.011-0.031-0.057-0.077-0.097-0.117-0.135-0.152-0.169-0.198-0.217-0.230
-0.245-0.277-0.286-0.306-0.308-0.320-0.318-0.319
 1.737 1.476 1.268 1.105 0.977 0.875 0.789 0.646 0.522 0.404 0.287 0.154 0.075
 0.022-0.013-0.037-0.067-0.088-0.106-0.124-0.141-0.157-0.173-0.202-0.226-0.243
-0.259-0.277-0.286-0.306-0.308-0.320-0.318-0.319
 1.758 1.494 1.284 1.118 0.987 0.882 0.794 0.657 0.539 0.426 0.311 0.176 0.090
 0.030-0.010-0.038-0.073-0.095-0.113-0.129-0.145-0.160-0.175-0.202-0.227-0.247
-0.263-0.279-0.296-0.306-0.308-0.320-0.318-0.319
 1.785 1.519 1.306 1.137 1.004 0.896 0.805 0.669 0.554 0.445 0.334 0.203 0.110
 0.043-0.003-0.035-0.076-0.100-0.118-0.134-0.148-0.163-0.176-0.202-0.226-0.248
-0.265-0.280-0.296-0.310-0.318-0.320-0.318-0.319
 1.820 1.547 1.331 1.160 1.025 0.915 0.819 0.679 0.565 0.462 0.363 0.252 0.136
 0.061 0.009-0.027-0.074-0.102-0.121-0.137-0.151-0.165-0.178-0.202-0.225-0.247
-0.265-0.281-0.295-0.309-0.320-0.325-0.326-0.325
 [Fe/H] = -3.00: Color Index = BCv
-0.897-0.676-0.511-0.392-0.305-0.240-0.183-0.100-0.035 0.018 0.033 0.013-0.051
-0.146-0.254-0.363-0.561-0.764-0.956-1.147-1.305-1.463-1.612-1.887-2.142-2.358
-2.534-2.652-2.864-2.980-3.156-3.290-3.485-3.680
-0.858-0.653-0.500-0.389-0.309-0.249-0.197-0.120-0.059-0.008 0.016 0.003-0.049
-0.136-0.240-0.348-0.561-0.764-0.956-1.136-1.305-1.463-1.612-1.887-2.142-2.358
-2.534-2.652-2.864-2.980-3.156-3.290-3.485-3.680
-0.826-0.635-0.492-0.388-0.312-0.255-0.208-0.138-0.083-0.039-0.007-0.013-0.055
-0.132-0.231-0.338-0.553-0.758-0.953-1.135-1.307-1.468-1.618-1.895-2.142-2.358
-2.534-2.652-2.864-2.980-3.156-3.290-3.485-3.680
-0.811-0.626-0.487-0.385-0.312-0.259-0.216-0.154-0.107-0.067-0.039-0.032-0.066
-0.134-0.227-0.331-0.546-0.754-0.950-1.135-1.309-1.472-1.625-1.906-2.157-2.381
-2.579-2.742-2.864-2.980-3.156-3.290-3.485-3.680
-0.807-0.620-0.481-0.381-0.310-0.259-0.220-0.166-0.128-0.094-0.068-0.058-0.083
-0.140-0.225-0.326-0.539-0.748-0.946-1.133-1.309-1.474-1.629-1.913-2.167-2.395
-2.600-2.778-2.924-3.042-3.156-3.290-3.485-3.680
-0.812-0.618-0.476-0.376-0.307-0.259-0.221-0.174-0.145-0.120-0.098-0.093-0.099
-0.153-0.227-0.321-0.532-0.742-0.941-1.129-1.306-1.472-1.628-1.915-2.171-2.403
-2.611-2.795-2.953-3.082-3.195-3.313-3.485-3.680
-0.812-0.617-0.474-0.372-0.302-0.254-0.219-0.176-0.157-0.142-0.128-0.117-0.128
-0.173-0.235-0.320-0.524-0.734-0.934-1.123-1.300-1.468-1.625-1.914-2.172-2.405
-2.615-2.802-2.965-3.103-3.220-3.334-3.492-3.674
 [Fe/H] = -2.00: Color Index = BCv
-0.891-0.661-0.493-0.373-0.288-0.224-0.169-0.086-0.018 0.029 0.042 0.020-0.044
-0.138-0.244-0.352-0.548-0.751-0.943-1.135-1.293-1.451-1.600-1.872-2.127-2.342
-2.519-2.729-2.856-3.036-3.191-3.310-3.481-3.676
-0.882-0.653-0.487-0.371-0.290-0.231-0.180-0.104-0.046 0.005 0.025 0.011-0.042
-0.128-0.230-0.337-0.548-0.751-0.943-1.123-1.293-1.451-1.600-1.872-2.127-2.342
-2.519-2.729-2.856-3.036-3.191-3.310-3.481-3.676
-0.873-0.648-0.484-0.369-0.290-0.234-0.189-0.122-0.068-0.026 0.005-0.004-0.047
-0.125-0.223-0.329-0.541-0.746-0.940-1.123-1.295-1.456-1.607-1.883-2.127-2.342
-2.519-2.729-2.856-3.036-3.191-3.310-3.481-3.676
-0.857-0.643-0.484-0.369-0.289-0.234-0.195-0.136-0.091-0.053-0.026-0.022-0.058
-0.126-0.219-0.323-0.536-0.742-0.938-1.123-1.298-1.461-1.615-1.895-2.145-2.368
-2.564-2.729-2.856-3.036-3.191-3.310-3.481-3.676
-0.843-0.640-0.484-0.368-0.286-0.231-0.197-0.147-0.111-0.079-0.056-0.046-0.074
-0.133-0.217-0.318-0.531-0.739-0.936-1.122-1.298-1.464-1.619-1.904-2.157-2.385
-2.588-2.766-2.914-3.036-3.191-3.310-3.481-3.676
-0.838-0.639-0.484-0.367-0.283-0.227-0.195-0.154-0.127-0.104-0.084-0.080-0.089
-0.145-0.220-0.314-0.525-0.734-0.932-1.119-1.296-1.463-1.620-1.907-2.163-2.394
-2.601-2.784-2.943-3.075-3.191-3.310-3.481-3.676
-0.842-0.642-0.485-0.366-0.281-0.224-0.192-0.156-0.139-0.126-0.113-0.105-0.117
-0.164-0.228-0.314-0.518-0.727-0.926-1.115-1.292-1.460-1.618-1.907-2.165-2.398
-2.607-2.794-2.957-3.096-3.216-3.331-3.490-3.670
 [Fe/H] = -1.00: Color Index = BCv
-0.920-0.670-0.487-0.356-0.263-0.195-0.138-0.055 0.013 0.054 0.062 0.038-0.026
-0.118-0.220-0.325-0.518-0.718-0.910-1.104-1.261-1.419-1.566-1.833-2.089-2.299
-2.478-2.693-2.828-2.958-3.136-3.275-3.470-3.663
-0.925-0.676-0.492-0.360-0.266-0.199-0.145-0.070-0.016 0.034 0.049 0.031-0.025
-0.109-0.208-0.311-0.518-0.718-0.910-1.091-1.261-1.419-1.566-1.833-2.089-2.299
-2.478-2.693-2.828-2.958-3.136-3.275-3.470-3.663
-0.936-0.683-0.496-0.362-0.268-0.202-0.151-0.084-0.035 0.008 0.032 0.019-0.028
-0.106-0.202-0.305-0.512-0.714-0.907-1.091-1.263-1.425-1.576-1.849-2.089-2.299
-2.478-2.693-2.828-2.958-3.136-3.275-3.470-3.663
-0.938-0.690-0.503-0.367-0.270-0.203-0.155-0.095-0.053-0.021 0.006 0.004-0.036
-0.108-0.199-0.300-0.509-0.712-0.907-1.092-1.267-1.431-1.585-1.866-2.113-2.332
-2.526-2.693-2.828-2.958-3.136-3.275-3.470-3.663
-0.918-0.691-0.511-0.373-0.271-0.200-0.156-0.103-0.070-0.044-0.025-0.017-0.050
-0.113-0.198-0.297-0.507-0.711-0.907-1.092-1.268-1.435-1.591-1.877-2.129-2.354
-2.554-2.732-2.884-3.013-3.136-3.275-3.470-3.663
-0.893-0.691-0.520-0.380-0.272-0.197-0.155-0.107-0.083-0.065-0.051-0.046-0.064
-0.123-0.201-0.295-0.503-0.709-0.905-1.092-1.268-1.436-1.594-1.883-2.139-2.368
-2.573-2.755-2.915-3.052-3.173-3.297-3.470-3.663
-0.881-0.690-0.523-0.384-0.274-0.196-0.153-0.107-0.093-0.084-0.077-0.075-0.088
-0.140-0.208-0.296-0.498-0.706-0.903-1.090-1.267-1.435-1.593-1.884-2.144-2.376
-2.584-2.769-2.932-3.074-3.200-3.319-3.480-3.659
 [Fe/H] = -0.50: Color Index = BCv
-0.944-0.687-0.494-0.353-0.252-0.177-0.115-0.032 0.038 0.074 0.080 0.054-0.011
-0.101-0.200-0.302-0.491-0.690-0.881-1.076-1.231-1.389-1.535-1.797-2.053-2.261
-2.443-2.659-2.799-2.937-3.117-3.261-3.459-3.651
-0.952-0.693-0.499-0.357-0.255-0.181-0.122-0.044 0.008 0.058 0.068 0.049-0.008
-0.092-0.189-0.290-0.491-0.690-0.881-1.062-1.231-1.389-1.535-1.797-2.053-2.261
-2.443-2.659-2.799-2.937-3.117-3.261-3.459-3.651
-0.965-0.703-0.506-0.362-0.258-0.184-0.127-0.055-0.008 0.036 0.055 0.040-0.009
-0.089-0.184-0.284-0.487-0.685-0.878-1.061-1.234-1.396-1.546-1.818-2.053-2.261
-2.443-2.659-2.799-2.937-3.117-3.261-3.459-3.651
-0.977-0.715-0.516-0.368-0.262-0.186-0.131-0.064-0.023 0.006 0.034 0.026-0.015
-0.089-0.181-0.281-0.485-0.685-0.878-1.062-1.237-1.402-1.557-1.837-2.081-2.297
-2.490-2.659-2.799-2.937-3.117-3.261-3.459-3.651
-0.968-0.723-0.528-0.377-0.265-0.186-0.134-0.070-0.037-0.014 0.007 0.009-0.027
-0.092-0.181-0.279-0.484-0.685-0.879-1.064-1.240-1.407-1.564-1.850-2.102-2.324
-2.522-2.700-2.854-2.986-3.117-3.261-3.459-3.651
-0.938-0.724-0.541-0.389-0.270-0.185-0.135-0.074-0.048-0.033-0.022-0.017-0.040
-0.101-0.182-0.278-0.483-0.686-0.880-1.065-1.241-1.409-1.567-1.857-2.114-2.342
-2.544-2.725-2.886-3.025-3.152-3.281-3.459-3.651
-0.917-0.723-0.548-0.397-0.275-0.186-0.134-0.075-0.055-0.049-0.045-0.048-0.061
-0.115-0.188-0.278-0.480-0.684-0.880-1.065-1.241-1.409-1.568-1.861-2.121-2.353
-2.559-2.742-2.906-3.050-3.179-3.303-3.468-3.649
 [Fe/H] =  0.00: Color Index = BCv
-0.975-0.710-0.508-0.358-0.247-0.164-0.097-0.007 0.066 0.099 0.103 0.075 0.011
-0.076-0.173-0.272-0.456-0.651-0.841-1.036-1.189-1.345-1.489-1.746-2.000-2.208
-2.393-2.609-2.755-2.904-3.082-3.234-3.435-3.630
-0.985-0.720-0.516-0.363-0.251-0.168-0.103-0.017 0.037 0.088 0.094 0.073 0.016
-0.068-0.163-0.260-0.456-0.651-0.841-1.021-1.189-1.345-1.489-1.746-2.000-2.208
-2.393-2.609-2.755-2.904-3.082-3.234-3.435-3.630
-0.997-0.730-0.524-0.370-0.256-0.172-0.108-0.025 0.024 0.071 0.085 0.067 0.016
-0.064-0.159-0.256-0.453-0.647-0.837-1.019-1.191-1.352-1.502-1.769-2.000-2.208
-2.393-2.609-2.755-2.904-3.082-3.234-3.435-3.630
-1.013-0.745-0.536-0.378-0.261-0.176-0.113-0.032 0.012 0.040 0.068 0.056 0.013
-0.062-0.156-0.255-0.453-0.647-0.837-1.020-1.195-1.360-1.514-1.792-2.033-2.245
-2.439-2.609-2.755-2.904-3.082-3.234-3.435-3.630
-1.021-0.758-0.550-0.389-0.268-0.180-0.117-0.038 0.001 0.023 0.047 0.043 0.005
-0.063-0.154-0.253-0.454-0.650-0.839-1.023-1.198-1.365-1.522-1.808-2.058-2.277
-2.473-2.651-2.806-2.944-3.082-3.234-3.435-3.630
-0.999-0.763-0.565-0.404-0.277-0.183-0.120-0.042-0.007 0.008 0.015 0.021-0.007
-0.068-0.154-0.251-0.455-0.652-0.842-1.025-1.201-1.368-1.527-1.818-2.074-2.300
-2.500-2.680-2.841-2.983-3.114-3.250-3.435-3.630
-0.962-0.759-0.577-0.419-0.288-0.189-0.124-0.046-0.013-0.005-0.004-0.010-0.023
-0.079-0.157-0.251-0.454-0.654-0.845-1.028-1.203-1.370-1.530-1.823-2.084-2.315
-2.519-2.701-2.864-3.009-3.142-3.272-3.443-3.628
 [Fe/H] =  0.30: Color Index = BCv
-0.997-0.725-0.517-0.361-0.245-0.157-0.086 0.010 0.086 0.118 0.120 0.090 0.028
-0.058-0.152-0.250-0.431-0.624-0.812-0.990-1.156-1.310-1.453-1.731-1.960-2.169
-2.356-2.570-2.722-2.911-3.058-3.229-3.420-3.618
-1.008-0.734-0.524-0.366-0.249-0.161-0.091 0.001 0.059 0.109 0.114 0.090 0.033
-0.050-0.143-0.238-0.431-0.624-0.812-0.990-1.156-1.310-1.453-1.731-1.960-2.169
-2.356-2.570-2.722-2.911-3.058-3.229-3.420-3.618
-1.021-0.746-0.533-0.372-0.253-0.165-0.097-0.006 0.046 0.095 0.106 0.086 0.035
-0.045-0.138-0.235-0.428-0.620-0.808-0.988-1.159-1.319-1.467-1.731-1.960-2.169
-2.356-2.570-2.722-2.911-3.058-3.229-3.420-3.618
-1.039-0.761-0.545-0.381-0.259-0.169-0.102-0.013 0.036 0.065 0.093 0.078 0.034
-0.042-0.135-0.234-0.429-0.621-0.808-0.990-1.164-1.327-1.481-1.757-1.995-2.205
-2.399-2.570-2.722-2.911-3.058-3.229-3.420-3.618
-1.060-0.779-0.559-0.391-0.266-0.174-0.106-0.019 0.027 0.049 0.075 0.067 0.027
-0.041-0.133-0.232-0.432-0.624-0.811-0.993-1.167-1.333-1.490-1.775-2.023-2.239
-2.434-2.613-2.769-2.911-3.058-3.229-3.420-3.618
-1.054-0.790-0.576-0.406-0.276-0.180-0.113-0.023 0.019 0.037 0.043 0.049 0.018
-0.044-0.131-0.230-0.433-0.628-0.815-0.996-1.171-1.338-1.496-1.787-2.042-2.266
-2.463-2.643-2.805-2.949-3.086-3.229-3.420-3.618
-1.020-0.791-0.592-0.424-0.287-0.183-0.113-0.026 0.013 0.026 0.026 0.017 0.003
-0.053-0.132-0.229-0.433-0.631-0.819-1.000-1.174-1.341-1.500-1.794-2.054-2.284
-2.486-2.666-2.830-2.977-3.113-3.249-3.427-3.617
